EXP-021  SLIME5-found weak Schur 5-partition of [1, 207]   (WS(5) >= 207)
==============================================================================
source artifact : slime5_recovered_partition_n207.json
CNF             : instance_n207.cnf  sha256 b9f183ded361f55422af4b796424eb4c0e18257fc09110bb47c93a767374d62c
revalidation    : PASS  (independent validator + brute force + direct check of all 56334 clauses, twice)

colour 1  (39 integers):
     1   3   5   7   9  11  13  15  19  21  38  46  50  54  58
    62  66  70  86  94  98 102 106 110 114 118 126 130 150 154
   158 162 166 170 174 178 182 190 207

colour 2  (41 integers):
     2   6  10  14  18  36  40  41  44  45  48  49  52  53  56
    57  60  61  64  65  68  69  72  73 155 156 159 160 163 164
   167 168 171 172 175 176 179 183 184 187 188

colour 3  (31 integers):
     4   8  16  17  22  23  32  37  42  43  71  76  77  78  91
    96  97 122 131 132 146 151 152 161 180 185 186 191 192 205
   206

colour 4  (46 integers):
    12  20  24  25  26  27  28  29  30  31  33  34  35  74  80
    81  82  83  84  85  87  88  89  90 134 138 139 140 141 142
   143 144 147 148 193 194 195 196 197 198 199 200 201 202 203
   204

colour 5  (50 integers):
    39  47  51  55  59  63  67  75  79  92  93  95  99 100 101
   103 104 105 107 108 109 111 112 113 115 116 117 119 120 121
   123 124 125 127 128 129 133 135 136 137 145 149 153 157 165
   169 173 177 181 189

------------------------------------------------------------------------------
Per-integer colour (1..207), 20 per row, row r column c = integer (r-1)*20 + c:

  12131213121412133214
  13344444444344423152
  23322152215221522152
  21522152213224533354
  44444144443551533155
  51555155515551555155
  53555155513354555444
  44445344513351225122
  31225122512251225123
  51223322513344444444
  4444331

------------------------------------------------------------------------------
class sizes (sorted)      : [31, 39, 41, 46, 50]   (Fig.3: [24, 42, 42, 49, 50])
size CV                   : 0.1562   (Fig.3: 0.2254)
longest same-colour run   : 12   (Fig.3: 12)
all five colours by int   : 39   (Fig.3: 39)
weak pairs (x: col x=col 2x): [4, 8, 12, 16, 18, 19, 36, 74, 76, 96]   (10 total; Fig.3: 9)
best per-integer agreement with Fig.3 (over 5! relabelings): 191/207 = 92.3%
identical to Fig.3        : False
